1 0.60135 0.57278
1.25 0.60497 0.60455
1.5 0.60943 0.59822
1.75 0.61474 0.6583
2 0.62093 0.6437
2.25 0.62807 0.57813
2.5 0.63619 0.64502
2.75 0.64536 0.6174
3 0.65566 0.65056
3.25 0.66717 0.67046
3.5 0.67998 0.69493
3.75 0.69423 0.68877
4 0.71003 0.74156
4.25 0.72755 0.71793
4.5 0.74696 0.75351
4.75 0.76845 0.78174
5 0.79226 0.79396
5.25 0.81863 0.83625
5.5 0.84785 0.85431
5.75 0.88023 0.86455
6 0.9161 0.87999
6.25 0.9558 0.99297
6.5 0.99968 0.98759
6.75 1.0481 1.0502
7 1.1012 1.1125
7.25 1.1592 1.1615
7.5 1.222 1.2039
7.75 1.2895 1.2801
8 1.3611 1.3586
8.25 1.4362 1.4658
8.5 1.5139 1.4967
8.75 1.5934 1.6091
9 1.6739 1.6801
9.25 1.7547 1.75
9.5 1.8353 1.8142
9.75 1.9152 1.9095
10 1.9942 1.9925
