 -0.1000E+01
   37   -1   -2
CVM_basin.mdl
         T         T
  0.0000E+00  0.0000E+00
    1
  0.5000E+01  0.5000E+01
  0.10000000E+01
  0.80000001E+00
  0.66666669E+00
  0.57142860E+00
  0.50000000E+00
  0.44444445E+00
  0.40000001E+00
  0.36363637E+00
  0.33333334E+00
  0.30769232E+00
  0.28571430E+00
  0.26666668E+00
  0.25000000E+00
  0.23529412E+00
  0.22222222E+00
  0.21052632E+00
  0.20000000E+00
  0.19047619E+00
  0.18181819E+00
  0.17391305E+00
  0.16666667E+00
  0.16000000E+00
  0.15384616E+00
  0.14814815E+00
  0.14285715E+00
  0.13793103E+00
  0.13333334E+00
  0.12903225E+00
  0.12500000E+00
  0.12121212E+00
  0.11764706E+00
  0.11428571E+00
  0.11111111E+00
  0.10810811E+00
  0.10526316E+00
  0.10256410E+00
  0.10000000E+00
